22620
7847
17903
9104
2675
10215
9438
2802
27389
22649
23007
24593
13948
8099
26795
25358
2720
18983
14732
12126
22552
31944
14797
10864
9896
14347
24686
17807
24444
18747
27421
5897
4540
19631
26466
3729
25952
9552
23578
18658
12358
3413
10022
18085
24961
9297
25444
2709
14069
7792
27358
25313
28961
30973
18754
25041
31035
22568
12947
18861
11650
29191
21021
28635
18384
10970
1454
23367
4718
18067
22787
8712
24365
21398
21889
19008
29874
12989
31270
12867
26130
24735
28606
17404
2207
25618
19802
30605
31745
1518
254
26934
30856
13844
12442
1656
22464
16815
10043
5754
2886
16058
8835
8619
30171
20675
5207
31913
23223
10990
11479
31330
22303
29500
16531
2425
6714
27405
24315
16619
20257
228
11544
8178
27957
12139
22650
1321
25269
19895
13938
8433
19856
13516
25473
26388
13943
24164
30479
17321
567
24812
8032
5944
3398
27856
14789
15902
9627
12024
15119
10034
22211
15507
31817
15784
15410
27667
16295
10806
19927
16248
441
12150
23283
17362
27364
9612
10026
2561
29971
22792
24027
7360
6570
20750
20397
6114
7100
16564
11882
17626
17021
10155
15121
24705
6138
26146
6694
28180
7
18407
16973
15228
15225
19151
14615
31443
11158
9305
4636
5411
27082
19086
25674
6769
1948
1067
10620
29434
2783
17410
15438
13756
31277
21406
26672
18488
3473
4390
16314
11127
22404
17539
11584
6731
31259
20421
29093
23767
15486
16067
1396
30033
5276
31234
4140
2567
31005
8409
27100
12448
3992
20178
23280
32421
2823
20562
3659
832
20088
2685
27030
3651
10245
6740
16343
26731
14341
28448
4677
24807
22660
25620
21339
21524
6385
7470
24619
3979
8727
11102
9205
14173
5711
15338
6648
4253
16883
22289
8584
21791
12309
29167
22625
29824
30577
22432
28475
26214
21409
11688
11422
29193
24208
6034
4600
3827
32305
15832
22253
17156
23153
15363
12014
8632
28522
14867
3341
20653
4057
13601
23055
13663
27602
15171
20675
12342
28594
7856
29843
2244
3926
25637
22105
28487
20874
28807
7028
14198
12228
14793
31514
12410
7699
32528
9711
15930
20306
19477
19415
6107
2465
19403
13321
20359
7958
11843
7014
1902
24239
9676
19720
30731
4491
16222
10525
11177
22618
6713
3574
4901
32019
17097
22363
22517
3301
13517
26658
3945
20079
18616
29184
13105
26675
4183
28574
800
19272
26293
1263
13360
13904
14140
14786
4293
25770
16412
17043
28214
15849
21489
19367
7049
6532
24224
31320
11646
27342
12673
6317
19408
26921
23236
7981
25527
2167
3085
4341
25521
21970
21602
24073
25730
3197
12615
16360
25465
30490
15143
17507
29174
28957
28918
31406
32297
7296
26389
30392
6428
8121
23926
7864
24052
32745
256
30472
24180
27478
23605
24631
14530
2075
15122
31578
14958
6942
1590
10402
13488
6979
22855
21556
26097
1247
22674
1332
7309
368
2545
25379
30424
14219
13554
9580
25695
22293
3637
8505
19568
13750
12822
27019
32220
3979
12940
13706
19451
16411
15441
282
31985
1933
5956
7086
27952
12312
1547
6497
3134
10170
18684
23107
5817
25133
18494
7152
12696
5911
10539
18792
19123
12417
21241
32026
25222
32138
9882
26946
9009
32092
28128
6773
26820
22112
17893
18554
7866
19886
2218
10588
5827
21192
31230
31421
15559
29575
15266
13677
19495
19541
19626
7996
27206
18589
6182
12044
19016
18304
22274
30506
15897
30922
18731
2526
22705
1572
2547
3136
1431
23691
951
27470
14756
10752
18111
26428
8458
25473
18277
26891
28309
26425
18298
22109
12336
3828
28389
22408
19626
18133
22413
17385
3770
31819
4218
10363
24897
31041
23607
7335
8400
32661
11898
22878
9834
14540
11526
18022
28555
19972
14289
29169
1896
15401
15458
9844
5497
14444
22654
4790
13621
14577
4099
14376
31517
30152
6676
4980
19195
30239
2422
13144
25452
32182
21562
12725
17052
28307
32413
17123
18513
29430
27948
20296
14635
911
8748
19241
1834
7663
27192
16575
880
16189
15404
16526
23880
30506
20546
11250
4712
10022
12923
3579
13427
16853
21569
30330
10178
7868
24906
2908
16228
13889
23487
17463
23139
22994
17310
1059
26185
15460
19805
1483
27363
24351
27600
19908
837
13911
12620
5917
26638
6847
19469
28215
28398
23257
8661
28118
9061
177
20182
21113
23757
8139
3026
22503
30106
16218
16257
5387
2017
13490
16179
18945
21271
512
694
21617
12060
3385
20346
15900
12407
17232
7923
6580
25060
31660
17471
8689
14092
12249
5385
20193
7315
23422
6573
21888
18775
6287
2204
17800
13559
19395
4355
14730
22419
30025
14503
19774
5843
31159
20755
19992
1067
30531
18422
23067
20573
31541
22215
24818
6207
11164
21930
15165
28350
14656
13719
19497
18467
11737
26041
24899
10901
27262
10260
17550
18399
27232
6507
13522
25716
7608
28769
14392
12208
28926
14302
32020
29025
21596
2228
15618
12422
22370
1667
22068
14167
11515
9178
3850
6277
11168
29086
14307
6594
7627
32176
7988
10116
30383
1226
3031
13830
16166
31658
12709
13200
20203
13171
21574
28665
9737
7504
3144
7530
31379
29018
25199
20068
20118
15548
13644
5381
8780
6932
7441
10119
5778
7965
16804
11785
5020
11916
22258
7570
18408
21815
13190
17491
4976
21372
13658
27436
13092
27617
26861
12402
16535
13304
9877
32752
23033
27782
6679
19499
1605
9443
26741
27883
10683
11684
26631
18166
7825
7800
7885
8479
17894
29520
31492
19071
9463
1219
31223
30211
25237
24496
12568
28455
14551
16421
27983
3072
12044
13183
23698
128
12275
9683
30134
30454
20527
24205
4741
4564
22773
12375
28688
15029
27400
24637
2375
25246
19943
2062
32710
6020
16196
30725
1778
4879
22201
23464
1349
9886
20919
9713
24550
10379
23487
2220
9341
18096
9940
31520
1349
25130
26672
5105
23395
22620
3382
14917
9078
23863
15528
29222
10351
19129
30746
18472
20643
2484
29094
8267
16670
30673
27106
27682
19258
28372
10767
3125
22641
20770
28307
24741
18544
16256
21930
19726
30060
23581
9816
13233
21177
16083
930
11219
22937
32426
24573
30560
14418
29854
17671
31700
30595
7074
17269
16987
2487
12772
8012
17207
31035
32595
3157
99
10285
25951
3786
13174
22230
7167
21590
4809
25658
16377
6461
29148
31980
5726
28118
16630
11303
10579
28738
12300
795
8727
20056
30948
19077
1090
9183
5243
29314
11851
2304
24483
13477
17229
25850
29424
7239
25099
22808
12757
26910
19761
22497
21771
18
26845
15502
29746
24139
12637
30401
21179
17039
3899
7795
29701
203
11382
1070
15046
13295
12051
4477
6061
16895
31956
3490
2886
26215
27720
6790
32541
13968
1796
32246
14886
21680
16687
2827
29788
17638
19012
16362
19881
6278
23315
27566
11270
25522
9481
28835
17635
12586
18098
30389
21961
26724
27004
8744
20542
23008
27838
8841
31977
26038
16888
11748
23030
28785
24157
15415
14524
6687
25998
5927
24221
27561
29097
4594
11566
28257
7298
32165
5528
25050
11824
11663
23359
1020
5324
8181
27041
8023
2421
7943
16768
21432
1687
28179
16707
19706
29549
22265
19610
23583
10437
11231
5985
9888
13060
4389
6087
24576
30057
9115
25519
16807
4758
20210
32086
13550
15948
26737
21302
25463
23670
25065
30507
8639
4457
10475
20693
26614
10090
1592
20285
19726
28016
4473
23995
14354
29484
3377
8215
15289
17991
16111
14830
20539
5355
6088
9559
24419
22916
16644
23751
22245
29640
24856
23602
13555
21237
11477
15731
17163
5465
6366
29678
29459
16664
16223
27508
4775
31274
19964
3687
18610
22947
4104
30494
4411
18999
26872
20618
11138
3581
21271
10778
11852
20851
13947
17117
13947
28611
11319
4071
25569
19524
466
501
6230
25924
4344
20052
11528
1029
16240
16126
4627
11781
15182
19975
3154
15234
18282
4151
1396
14142
11280
13049
8786
27520
8185
4467
4991
16475
15738
9463
21537
20274
22524
21658
19200
20348
17836
26658
477
16581
29044
8742
26373
30197
18729
17776
19750
26069
23558
2470
7520
25807
15705
17194
28575
11254
32636
16958
32041
20806
23303
11628
8563
5420
22084
23333
23865
10569
227
28328
4045
21619
6127
15397
23216
6140
9729
14370
25439
14903
29620
30239
26479
23097
23640
31349
22236
28893
23275
25476
26783
25355
25413
11789
23934
2361
23442
6365
25896
20529
18949
27564
22913
22293
2763
9540
17467
11937
8766
21734
25254
7601
32604
8937
7113
3843
17015
19620
7345
3133
23597
6030
3849
27186
6299
32676
7659
2657
27342
9483
15606
21950
3194
15607
26017
21686
17903
2507
16078
2157
29256
7810
25251
26954
5094
29005
13973
11957
3357
381
2501
17439
20780
5284
28048
3907
8563
20215
31841
27564
10976
10999
714
32632
6059
5201
16084
19803
26947
10754
10643
10215
11912
27582
32509
27146
27194
22163
30716
6360
15793
13514
27329
21130
11215
9486
17756
11975
2100
7376
5769
29731
26288
27113
6349
18150
7934
30593
29634
13582
14511
23088
10159
17303
21348
26468
22364
24825
24384
23555
25637
24819
14749
22097
4172
25991
510
10003
7060
22854
15173
15861
3595
24269
3367
13609
9511
22928
14812
16465
5908
29654
7195
671
8269
17925
16709
4154
3946
800
29665
7908
17208
20110
19016
10715
20239
7965
3489
3324
14688
21318
3344
23342
2190
23219
12587
29694
4607
6398
25518
7303
16242
26044
8047
8085
16019
19898
15508
14602
20172
31110
19715
20608
8543
23857
7450
18223
32690
5460
11425
23825
11241
5457
13308
28997
12218
2779
2469
8626
3453
6841
31706
3564
1923
23238
29331
16731
29097
11581
28087
2202
16685
24883
13199
13853
20160
15461
17275
6679
32476
21044
24804
12698
17495
19438
19057
20736
12601
1615
29054
19851
2507
10312
17866
27208
3568
5886
26991
3129
27832
27414
24856
31154
5683
19248
5230
10500
24451
20401
13011
25177
11573
21446
20563
14559
6098
22438
20183
7977
16048
22551
26524
6866
15630
16179
26852
23395
30048
21100
31724
14454
9960
16846
1821
23324
390
15492
134
5757
11217
11934
17546
13246
28518
3089
17622
13608
32641
19711
9111
21638
3530
32569
3817
16590
8561
4355
28818
24324
25724
14615
17904
4700
23392
8172
13360
20383
15055
11831
11457
32719
20434
9395
13832
30222
11799
24861
11350
31932
6284
29827
3863
15840
22573
28351
11852
2761
29977
831
19515
18165
1516
27399
1892
31281
2377
10232
8376
19970
32182
3410
29190
31300
11181
12664
10422
25873
21999
11507
6329
31204
17436
19130
15296
31742
23425
3504
12460
22537
14897
12143
20294
14588
2135
31812
9265
25662
29642
12410
26909
8462
2530
15068
19772
12066
25483
2165
8698
4238
22423
15770
16361
10984
10073
43
14330
938
22895
14101
9459
7127
14047
25371
12573
12002
7782
29911
9277
22731
8716
17403
3526
26507
8956
3037
24397
23474
24467
4403
2877
23631
10167
21786
31692
8720
11114
31070
30254
7594
6046
14837
15880
23931
30027
8140
3367
30318
32448
20679
13170
29728
24375
8451
29469
5185
4267
18782
27936
20796
19438
26425
12776
26
16118
10620
19020
1443
32119
20187
19650
26311
24504
22872
21203
14397
17311
6921
25292
12650
25613
28
8631
26244
14962
14872
24969
28151
7832
12389
24477
29960
6339
23055
18273
1976
6652
25799
19792
4075
3754
19755
30240
20425
32610
19527
24124
23397
13312
15963
5492
21916
3319
26334
25331
29761
1765
13764
1394
3959
7275
29181
17324
16477
31291
27966
24850
21233
14706
9475
19135
3886
5161
29909
4270
7544
18502
15816
32555
2618
7320
10057
27783
11470
15396
23830
3856
30109
23481
28302
28480
26503
24011
13099
18997
16517
26750
22605
30817
5516
8704
31801
11395
26037
1820
31329
7894
26780
4108
19686
30856
7173
6031
10075
4973
21702
14396
11980
25077
22241
5142
29438
4956
14576
14944
3321
18464
5830
8115
1732
27320
22355
23629
28784
131
2504
9388
18007
1791
7676
12380
3238
12603
31758
781
17433
6543
16205
19432
7174
15242
6228
20259
1437
18988
6777
3539
3182
13909
30825
8194
6188
31102
29708
29954
31664
30887
1455
28160
30016
5008
32353
1756
1042
13356
10653
313
14092
29267
12842
17872
22734
8119
20032
28681
7410
20505
30444
14284
12946
12733
11957
11668
24587
18971
7040
31942
3073
27351
30641
10306
22436
29427
7827
30007
11825
12356
14330
30779
28091
29986
18215
30875
3371
13924
8427
7663
25478
17804
3344
7154
29806
31550
5876
20625
26092
26103
20855
2114
876
20731
4631
23703
29193
14223
26458
24851
31243
30825
20077
4668
2478
23909
27658
15089
21798
19321
19614
17406
14303
12011
28588
8686
15113
30657
8812
21793
25940
14970
28089
12318
14328
18683
6954
22569
31993
22476
5502
13337
19113
900
10301
15716
24686
19074
25244
26492
16581
20190
8609
4446
11399
29855
1417
13671
25452
12335
22119
19306
19917
6412
7181
4353
29614
5311
27951
11296
25851
11794
14790
23536
30482
27774
5299
11226
31618
16355
16549
23777
21522
21628
1084
31030
2054
25361
2415
17926
16029
20846
19499
1943
17118
14101
23612
19347
29844
6704
30321
11684
19096
30921
14587
19008
19022
29245
30487
21447
6258
9454
28653
32203
1813
5177
27831
12974
17634
10920
2597
18291
4518
11368
12544
8654
7184
11773
527
1149
27829
25396
14647
30171
598
23129
19429
29875
870
30635
18097
28498
10439
17677
11835
12512
17877
27134
26457
14576
4517
24523
27253
12629
5518
13827
17968
30263
25833
31532
13643
25703
534
7604
19400
25072
5312
22827
32588
21743
21857
943
3784
31908
21000
20391
3416
24776
28762
21940
5228
19233
20694
31460
24869
32597
30558
1833
24834
9468
23795
10
29115
6136
20161
7065
22637
4873
15963
24485
13304
26780
26439
16688
28325
15844
28093
22563
29453
31788
23212
31553
10294
27756
6398
22618
30974
12570
22557
23745
27325
4674
30646
512
1830
20441
24765
21193
7534
28239
28593
15408
7857
12643
21537
32536
6545
14651
2415
21995
6432
30132
19668
8847
27392
25591
13476
14485
4296
19021
19667
6067
24746
26164
23737
10868
6483
16562
14866
23854
27923
7401
19785
8501
18494
13548
10998
12366
22226
14545
26277
9318
3417
17415
729
14212
14609
15594
8784
16381
23371
21141
24201
15591
21521
3319
26500
1743
8203
9002
20681
30895
11684
3071
12203
9498
3432
31966
28366
27578
432
19149
31463
764
12674
25038
11459
18954
691
18030
5259
30458
24398
21915
2630
30020
27194
14006
10143
2170
26390
13289
3816
1843
22888
27835
9056
16969
7927
5857
5809
27716
2421
16727
28605
5397
15201
19888
28314
3592
19500
5035
29147
18932
30619
25350
16658
3508
23660
22423
24723
1243
3644
13208
21114
3748
32424
13379
26863
22312
435
5279
3496
4308
29031
12953
8880
25113
13504
2646
24679
23397
11717
31688
21707
2387
21240
3711
26613
30495
30704
10178
2534
13660
2373
26335
28036
14569
16300
7103
29920
9761
3683
3005
12986
23634
20688
30904
9543
21872
31589
7783
3634
11787
21446
6637
3040
27007
29742
28590
22520
18027
7695
9056
20259
14180
8184
5733
9744
21482
21180
8280
28604
21914
29137
5606
22768
30118
21238
12767
15627
16003
16664
5260
30721
9697
32375
19780
6564
736
12805
8762
24098
13441
17422
2713
4047
3162
28190
3795
13861
20879
544
821
13833
28669
11459
20672
18256
10168
14114
16436
25474
20664
2979
31597
4574
1743
543
14578
13470
20958
14148
17868
15228
7753
29496
24980
24436
6568
25471
8400
19404
18368
11295
18816
22610
25521
5122
24051
14565
24944
20635
18911
17974
9080
13517
26033
17360
14525
18184
17442
18262
14050
693
32267
9484
1195
18644
28794
1433
10421
17379
8453
2316
28773
17154
15454
6940
798
20566
25384
23732
13751
1707
14601
18095
12844
27229
27137
27104
18323
18808
6650
28757
30290
26398
29344
17372
3216
30249
17266
32199
26345
10002
26649
1005
10598
19730
26873
30449
1196
24198
2567
21959
23411
21656
15322
31347
23610
11804
8964
21524
25401
6584
10658
546
14488
2888
20274
13556
32478
16512
10917
30597
26028
30931
21173
18039
29867
25748
8313
6232
707
3932
55
15141
11662
18859
17529
11020
25868
21970
12131
18038
24472
23568
9795
837
2586
27131
17258
2394
18559
289
14907
22107
6758
30960
16769
20147
30748
14291
30726
24538
31691
1950
30561
6102
10990
2348
2319
22018
29704
2886
12741
30990
13462
18631
1797
11847
23362
20990
752
17944
31321
9556
19035
12753
24191
15151
6436
3752
32162
2326
18630
25086
21036
16405
9516
27363
30333
19043
963
11483
5272
19522
20691
6114
32284
11303
1807
29103
119
26139
17771
25654
18774
11873
30509
21872
28511
10073
16967
27742
29475
11940
12260
26444
19534
1417
17217
10067
22305
22679
29374
5409
13859
27276
14133
17149
31763
26230
9610
28677
12832
7448
18051
20666
3677
12687
8410
16575
28271
31030
10641
16862
27272
4806
3718
27724
5274
30914
3911
13358
14276
4882
22567
10331
11281
3053
5010
3684
4705
27645
9629
32722
3239
16830
17889
27822
18005
22568
27530
10055
24853
16525
16299
23855
6586
13252
2517
8583
14710
3719
19175
27772
10061
27930
31271
13330
11721
10797
6290
545
18672
17668
3697
11164
4211
29397
1837
3353
4648
24434
16228
28814
12474
24871
31036
89
23200
9190
2808
27524
11595
4001
15305
8006
22692
28152
25318
14797
22197
4884
31966
6714
19366
3539
11053
12782
8684
8997
21006
31492
14013
6326
18577
14366
10951
4813
20205
24933
11041
2420
16151
25291
18050
6361
11156
3988
8881
12532
24715
28436
9788
26730
31518
18106
27245
30385
2810
1357
2426
6517
29229
29558
7420
26939
30521
19839
162
24901
15718
10842
11559
7861
5980
21477
16257
6901
26608
29804
92
25941
1343
15727
32710
8182
20985
27558
6444
17384
256
19523
29573
28815
14130
10103
20941
19019
32642
13367
18357
11351
17742
31040
9881
12786
18669
16217
14002
23229
17031
30936
4237
20069
10025
16999
10939
897
17432
24840
28619
19902
9318
24919
28789
5945
29892
15375
1560
18732
22935
9168
31079
10189
27470
24608
350
9587
19698
22959
11900
28923
4350
15327
5676
17258
24690
20355
21124
12499
6179
29415
10801
124
20565
21266
29874
20540
651
19015
3781
1831
16798
2002
29471
23406
14349
25857
19296
28544
24724
2928
3398
19061
11520
20617
30753
12205
3905
27212
1671
6580
6337
24908
10312
23657
9204
25594
22692
12896
15409
24358
25788
14724
14272
32707
30279
8961
14388
491
13958
6753
1274
28963
7546
10228
29747
15839
16724
4726
21951
19529
14893
1004
5274
24638
28151
30159
620
2713
22708
10348
347
31669
9446
10635
36
24365
10310
11855
31850
9446
6328
17501
32590
23376
3455
7744
18495
32488
8365
32525
6675
25346
17630
2370
24151
6085
8998
29940
4836
29047
5448
28970
13747
5371
4137
13444
8947
11671
4740
288
6488
12283
27614
8125
22709
20095
28605
5665
3789
685
26901
7353
1639
20479
25091
6016
19616
9193
5053
5665
16517
30490
4810
8032
16609
5120
2926
19382
27732
9866
8809
29499
10149
31025
19937
29386
24153
825
15004
19551
12677
11316
4466
9923
2272
26825
12546
28780
14876
5299
12197
10654
14967
11788
14752
6615
3725
21964
8094
29802
27760
14733
10589
12394
17402
19089
167
6089
8546
26117
18564
20929
7694
21127
13486
27763
21416
14055
13637
10703
1396
28202
2756
5043
29665
23765
22068
6999
3678
11112
31135
18408
30574
2600
23752
14451
3839
25121
27161
32005
30456
5996
22493
2833
17937
16558
4527
20753
23783
30689
22066
11632
4432
10327
23811
19624
9195
32251
6380
12968
13308
23003
27227
29560
9591
28643
22034
24351
11611
29163
5151
9413
30785
27637
2831
12565
7989
13743
2911
19429
24260
7488
24371
14617
17494
12096
586
24772
17855
16392
5682
17041
30480
6701
26296
14434
21171
30279
4771
19510
18359
8183
11426
9552
616
27688
26754
20630
8995
25748
10404
26679
22376
19594
32687
24208
2353
25327
31362
28753
6274
1412
18029
475
21314
6502
1952
27629
8009
23771
29667
31616
2746
1611
1416
10479
13971
21645
23198
19035
20354
29797
5224
17742
2299
24394
19214
926
20103
5996
27025
12181
8031
25845
1540
31566
18489
30863
2554
30562
28514
5927
16187
15557
9997
13041
5307
28138
31211
5549
12236
21294
9723
40
7570
5747
31140
25349
14519
25099
1793
5309
5985
26329
8572
10469
5473
3506
22942
19632
20142
22537
27429
19636
7697
13260
20823
10225
29729
18057
30103
21519
6770
29653
11318
5863
14090
8942
29579
6469
9236
1951
10566
5868
28633
29284
10753
20443
6379
27599
3864
7887
23203
7978
32443
22793
7630
22622
16961
23377
24996
6420
5823
26683
12538
2329
27610
15273
30648
17927
1241
30609
19596
22050
12287
19969
736
17024
2071
3168
6410
7277
29776
27638
22211
29197
23115
19375
12251
30275
13939
14107
16171
24530
3725
24250
28106
17346
29327
25975
6788
28422
32694
10098
21895
859
6611
24066
1120
23411
20198
17659
550
31315
6381
9516
4085
2554
29182
26668
10654
11587
28308
6487
4765
10508
21031
30739
12108
10392
20991
32600
32342
8498
31305
1647
18029
6419
26987
24313
19520
21894
21909
5172
9383
13386
4248
12154
30497
13368
32252
9738
17537
28965
12108
21515
1508
5898
6837
10446
14310
4195
8144
26708
9750
29652
20155
9744
2727
29970
9582
23789
22120
23809
14156
18579
13558
19738
29433
25574
8495
21008
31340
12496
7659
2483
16709
11585
26343
24596
25952
6516
11778
10218
30122
29555
14508
4660
6963
19421
29083
18720
22661
22503
17087
12844
21301
25761
19321
7051
23479
3963
18184
22730
10102
26631
14148
4787
28964
24320
10126
20082
29519
9868
7175
28662
28982
26558
256
15258
16858
29023
11954
6917
4440
17390
21807
10574
19573
7909
25753
19044
27259
29502
17810
20910
2372
24374
30195
31726
3988
5969
24001
16491
18860
24734
28765
15695
13339
60
28154
17230
26840
17437
22868
17544
25230
2314
30112
10929
2615
25063
24766
22639
17132
17465
7606
23043
26619
24037
9058
2348
28987
30778
17256
10312
12700
3122
32108
14525
25602
27637
4739
4247
31316
9631
27882
29555
25295
835
12280
12955
14241
19504
1105
6258
3251
11123
29789
8979
20422
24477
27896
21045
28353
6086
13931
3154
14409
8657
31131
24328
10899
19954
9601
7871
9334
11118
18650
10636
11461
674
13344
20821
17371
12359
30648
12598
29559
17908
4717
29220
4299
5092
25629
17104
25807
32762
14514
1742
11995
19970
32596
247
13685
15674
478
32012
22888
7953
12430
15516
24342
19246
22016
11047
25102
5300
18269
7555
9953
9413
25808
8319
16178
24133
32313
6855
13325
12000
28710
17927
10874
29006
3327
17235
13905
17621
9856
20167
20303
32272
19308
22122
7274
5360
3456
30808
2402
13312
25510
11297
23193
19693
31852
7020
13092
22085
5300
28128
16674
5759
9901
3140
1100
8252
1282
7908
25294
25548
13905
19255
86
31220
9438
29888
2922
3054
30345
1330
29950
31922
8445
32727
17990
14196
3627
25650
2249
18286
25847
9188
29879
7391
18992
12236
22908
9044
11718
24690
29845
3366
30775
15782
10914
30788
11339
26980
22205
20530
20737
12795
9227
4434
14281
3950
9616
20835
29427
4123
8264
12615
4200
30874
15219
7177
27800
6888
2864
30494
12723
10437
10573
10219
22300
1370
20574
4744
13595
23071
11532
30148
210
29436
22960
18537
17522
9647
14369
31681
10158
18541
7625
18264
7280
31692
1535
25092
17355
19424
16017
19491
7986
27812
17055
3876
25063
5532
14256
5705
30389
16569
16639
1194
3554
20605
7446
11390
18272
24927
16798
2966
19779
19057
26998
28970
29304
4416
18690
12504
10675
21756
23750
1770
26793
29913
1587
4568
19328
30132
27328
1293
3203
27386
18749
30958
9243
26310
14692
31769
9466
13641
2482
18922
10394
26479
12149
19012
24550
28863
32037
16014
7223
23684
4855
16379
25729
24106
15792
29455
27343
16618
14263
5215
30188
31402
111
17048
4963
26142
15811
10690
9642
26676
23555
29638
8859
1199
24558
8750
5667
9745
7952
13613
15678
7359
21070
17375
19747
6496
14015
27089
15035
9862
12477
11716
5720
26000
9532
17838
20388
4815
32091
23554
30168
5351
2105
14897
18478
7032
12042
31857
10904
4350
12138
12989
21170
25590
20464
4893
16629
27459
17159
8487
23086
27087
11257
28358
13615
30069
31309
23098
28869
17695
3923
28000
9706
10795
25085
16948
19003
14612
5360
4244
5804
25934
13019
18759
18042
5233
1288
25149
16993
27802
14385
14360
3088
25102
17300
10476
32218
18465
17993
19523
12974
26967
20180
27749
10825
27336
16631
9430
32170
32457
19914
18975
14278
10952
12813
32465
9854
9336
11964
6600
14286
2607
28644
16813
14151
31372
21942
25022
32703
20316
21465
23506
30023
32702
23301
7063
23389
28038
206
28447
23395
8672
22973
18587
20304
15670
14757
19814
9382
7763
20020
22085
27556
1224
18377
17645
26300
12942
1157
21189
11847
20718
29093
15598
15480
7326
5903
29057
30094
7469
298
8727
78
27552
31987
24463
689
19550
23118
8971
5850
8265
10393
26684
3146
28974
8583
15584
18775
7519
13868
27016
24794
26270
29268
6047
12329
26685
10777
6312
6469
14468
9653
12999
11604
14675
16276
5763
23377
23560
10414
25034
30466
23715
18195
21557
11306
14377
25287
6286
12801
25158
5329
18320
21217
32309
11407
2029
7234
7909
32588
28566
19176
21076
22036
2614
18267
31807
28103
10495
18072
17406
15725
24490
25350
6570
30409
21177
16811
5760
30001
15104
6048
15498
3741
16995
9154
22908
31485
7649
28843
4316
17872
2258
29409
20837
32242
1388
22348
14766
6069
1676
5614
12295
13620
26292
7374
12707
18660
20559
10037
7421
18028
31549
5405
31604
21943
25483
22247
3640
15431
23938
16716
8810
28876
10980
23958
28799
3317
30066
2576
2790
4486
21169
32443
8170
12459
13550
2626
4825
4747
28032
6960
12390
18465
9293
26977
588
24647
26768
21430
1588
21268
16089
17933
19417
14184
20565
15217
15978
30405
8015
12429
7472
29537
25847
6759
26480
21625
31842
13643
16275
27879
32467
16388
2436
28663
30009
30547
18522
26743
17144
26009
32567
9741
11756
23255
6511
5326
10155
8408
7661
13067
15371
16301
12755
6510
18661
26202
11873
18758
25368
19407
19992
13600
3280
7194
13599
14231
8456
17882
22757
27757
6221
15351
2824
8154
2757
32656
11126
18467
4977
1589
17874
15727
30895
20567
7705
9175
15875
17404
28805
15292
790
8119
26801
3165
21503
6616
5119
7336
20162
32736
21303
11857
16918
27192
3952
12066
10604
22562
13876
21650
10796
18415
16607
5528
30274
8051
19272
30401
14297
30902
32163
23681
27238
9964
19878
22470
17641
1959
23275
8403
6512
29772
27286
13388
19932
26563
17975
18061
20967
11379
498
320
13926
9838
28125
16175
18892
3560
13993
14934
24048
11758
31109
24637
6928
31573
20287
16517
1045
6128
4780
18880
4120
5638
26187
18566
32038
4098
15653
23749
16448
26733
27383
22872
13990
17946
32659
16859
31830
8352
29060
23230
3023
28941
23537
32665
2842
23257
21444
13247
27147
24857
6154
8470
13765
31733
8605
31014
17788
8796
22017
27759
9343
7159
24973
11264
23925
12123
31947
10565
2790
130
8481
2081
20734
13180
28848
30524
9358
10082
21884
25247
852
23948
7117
13438
380
24835
3030
6228
20582
16953
18069
29750
8874
31480
27130
3168
4442
20121
16459
1301
26247
31350
32455
13990
28934
19106
22410
2000
17779
26327
25264
16970
4215
27567
8893
5535
24135
9239
10301
15418
31597
30465
6311
30399
21195
23898
7303
20898
27869
29756
30940
26866
29758
32612
22463
7797
25454
28646
1094
30202
16338
17183
7592
3051
1532
19948
1442
23074
11053
18457
3609
16125
22552
11293
10752
31413
16617
16132
9596
5867
16006
21676
10566
27780
3349
9268
3410
15287
21438
16562
16046
2660
22962
2596
15532
15528
3180
10922
28995
7086
15159
29682
26803
16072
11248
12531
11368
2750
27917
16350
17697
15206
2270
2129
10321
11124
32275
8654
5317
20116
8575
15981
8840
4534
19739
11725
2564
5545
78
3152
26217
30700
21867
29320
30547
7617
28796
14572
9639
13698
19262
9168
20413
25144
620
2964
8389
17770
2112
21787
30563
23347
24632
20094
8093
23703
18454
17410
25591
7191
29226
24904
14812
4227
13523
12996
3392
528
21316
23408
28548
3499
17284
21186
11674
29324
5560
16091
4457
24077
24741
16129
21107
10685
22385
14927
31157
16304
27817
1707
15566
6426
9865
31737
5220
2844
2167
18318
4548
21982
13776
5096
14280
10718
12775
22684
23294
6024
24907
26255
19718
7430
12361
1129
22332
18009
690
12103
18584
5033
20703
21425
6866
6617
5617
4811
29385
4447
29533
26575
37
18259
11689
16826
59
9413
26224
25926
26674
16468
14252
11033
31332
11772
5173
28220
19207
304
4484
16078
30733
13609
32445
11514
6216
28541
27885
16422
9682
20723
3215
28269
26540
18582
1110
10320
7845
7432
9510
19624
31102
8217
8035
6367
5195
16536
7535
26976
1820
28266
26478
24140
18397
1240
29773
14447
25467
12077
3074
626
21065
31617
24341
23122
27553
4048
14175
28433
15566
13647
9746
1707
18217
11775
21241
8267
27011
2178
20737
1727
30915
26158
7161
26409
19408
26464
9110
16376
16050
12818
1978
15383
28916
18096
27125
20068
17228
5928
30797
8548
22654
5185
5434
12085
7549
9517
16629
5572
7379
15713
10226
31552
8516
1188
31403
5838
27566
17766
29344
12670
52
5460
10396
13181
20123
27689
8249
4493
14836
7367
11430
11955
17276
25734
4776
1583
23744
1228
3039
12721
9477
6878
3915
8138
5606
10741
783
3745
25407
2965
15220
7911
4682
14874
27440
4877
3080
10644
26857
3764
12003
8916
28149
27237
9105
21703
12900
28546
31035
4099
2624
4220
19679
24736
26643
28999
32755
31305
26794
21515
16971
10898
19481
15901
29500
17804
32767
26925
7682
16536
7947
21697
5471
28536
2495
3042
29317
6060
31860
29460
31542
19963
18079
12940
13098
21072
1874
4254
7345
24007
4870
20597
27801
5896
26263
26886
13650
8404
19344
10310
19792
30429
4521
5787
29873
3291
398
11921
32288
25564
27874
15567
32505
2523
32644
31817
19117
14229
13841
17079
15721
152
7594
20805
6642
18845
16631
7564
32468
30999
26219
9921
14011
5644
970
11052
26657
18724
2793
20956
26665
29696
29622
7322
13515
21196
10103
13851
23090
23576
12631
28794
18274
21219
22558
2021
22046
16121
1344
32150
2569
16256
7449
7940
19211
27597
11383
3419
7926
13948
3929
22826
9834
1727
29942
1628
24822
31734
25857
3178
31871
3968
10796
9935
13286
2257
17899
2491
229
30661
20858
20235
9530
10548
28705
12153
20232
18887
14007
23568
23674
11018
11365
3044
681
24258
18604
4607
23488
7296
4777
3998
8286
9590
17816
5790
4155
6794
7832
20529
19983
30889
14253
31701
12975
12126
5131
23175
23417
1443
16786
23091
30707
16631
13205
5488
6831
17072
15071
31594
4466
3987
16120
13343
2196
30114
7332
5327
32170
17461
19885
14509
17763
19020
15842
4571
10416
3876
29024
1685
23848
30984
24592
28333
23722
22122
10865
1335
24644
32050
2968
8837
595
29782
11381
21078
19436
23467
15447
6730
12667
1531
29362
1177
17066
31063
24097
17157
4485
18862
9383
32269
5339
415
6458
9316
2535
